136 28.90909 339064
34 0.0 0
52 6275.0 12824
96 12550.0 12550
4 0.0 0
150 132.125 40459
134 106.0 6053
16 18963.857 195991
130 159.0 19659
82 12550.0 12550
66 81083.0 81083
28 0.0 286
54 0.0 286
80 81083.0 81083
98 162.5 611
138 12550.0 12550
30 132.125 40459
14 7413.9 338746
50 81083.0 81083
36 16238.0 89381
24 12550.0 12550
64 321725.0 321725
92 770664.0 3695852
110 25101.0 25101
104 2691.5 5657
140 99.309525 1487041
146 28.90909 339064
106 53.0 129448
132 2157.0 2157
74 81083.0 81083
90 286.0 286
72 81083.0 81083
70 36928.0 36928
18 6745.0 6745
12 28.90909 395460
38 318.0 318
20 2433547.0 2433547
108 1365.3334 4112
78 81083.0 81083
144 12550.0 12550
152 7413.9 338746
10 277.0 277
94 277.0 277
148 151.5 15220
84 37653.5 83649
100 1508.3 41664
122 0.0 286
56 1045.8334 68256
76 81083.0 81083
112 1216773.5 2433833
120 0.0 327544
22 12550.0 12550
116 81083.0 81083
46 0.0 286
48 28.90909 264104
128 58662.5 225037
142 0.0 0
32 19974.25 303418
62 654854.0 654854
42 6275.0 12824
102 37107.0 37107
124 93.0 830
126 832.9663 2064667
118 113093.5 239461
40 12550.0 12550
6 6275.0 25100
8 39.75 192711
86 227.08333 121605
58 6275.0 12824
44 12550.0 12550
88 81083.0 81083
60 6275.0 25100
114 12550.0 12550
26 0.0 0
68 13600.0 13600
2 28.90909 339064
147 160.2269 3870610
13 2404.4285 4875926
19 29718.25 446417
151 1966.125 114091
39 12550.0 12550
81 153.0 592
101 12550.0 12550
71 39.75 117479
137 12550.0 12550
119 0.0 286
55 22814.0 22814
29 286.0 286
79 22814.0 22814
105 0.0 0
121 69181.0 69181
65 308.0 308
125 12550.0 12550
11 6375.5 13037
35 0.0 0
127 12550.0 12550
111 81083.0 81083
107 31.8 316790
57 40541.5 162166
51 72090.0 72090
149 186533.0 1352411
37 495.57144 689196
133 1593.0 1593
75 0.0 0
45 7413.9 338746
1 79.09524 2646019
89 16.736841 373533
63 7413.9 338746
83 5821.25 70480
17 276123.0 552532
9 12550.0 12550
49 105424.0 105424
103 4508.0 9302
109 12550.0 12550
43 584.1724 362240
99 3930.2173 284932
145 8931.5 18149
41 1045.1666 15311
61 81083.0 81083
115 12550.0 12550
15 1477.0 1477
21 160.5 607
47 7383.0 7383
139 287.0 287
77 81083.0 81083
53 22814.0 22814
97 12550.0 12550
25 4183.3335 37650
95 9595.0 9595
131 932.0 14414
59 0.0 286
117 12550.0 12550
73 12913.571 192393
27 105.7 41664
93 556144.0 556144
33 153.5 593
113 38496.0 38496
23 16248.0 16248
141 29718.25 446417
143 0.0 286
67 321.0 321
69 31.8 316790
3 72209.0 72209
7 4368.75 70480
135 7541.5 16560
85 81083.0 81083
123 0.0 0
91 81083.0 81083
31 36604.332 327544
87 31.8 316790
5 12550.0 12550
129 26.5 390984
